179 223 110 157 116 215 255 247 92 76 92 167 49 12 182 97 110 171 23 205 231 184 116 255 102 105 170 129 29 156 244 253
138 188 166 186 189 245 184 71 159 31 212 147 172 222 102 204 201 59 155 145 54 79 50 215 139 87 154 235 146 76 189 215
218 176 182 254 171 208 20 101 171 95 181 59 46 254 110 255 167 179 253 129 126 79 162 209 147 243 90 251 34 4 175 95
218 156 182 252 43 252 180 103 173 95 174 17 174 190 38 223 167 119 253 1 118 201 178 229 155 243 90 91 2 68 175 95
54 143 75 255 246 163 239 255 22 174 219 231 113 231 189 64 127 238 55 174 249 154 109 191 124 166 175 196 181 251 244 249
77 94 125 229 36 14 111 176 108 234 126 100 215 35 145 114 22 100 124 110 201 176 233 12 228 255 103 132 76 243 65 49
98 189 184 238 249 221 222 239 171 45 252 9 174 255 102 20 203 251 223 16 94 11 218 241 191 212 15 123 210 78 239 223
104 57 58 104 89 221 113 80 236 76 172 8 190 151 98 112 200 176 223 88 10 43 114 21 215 217 2 121 82 2 70 250
40 89 58 105 77 221 113 80 229 76 236 8 191 157 98 114 200 184 223 72 74 59 114 17 199 217 0 41 82 138 70 250
11 159 171 189 246 166 191 247 28 75 90 231 189 191 176 96 127 123 55 141 241 152 7 255 108 47 190 128 157 216 177 249
59 223 99 206 94 147 207 252 133 192 220 199 121 237 183 228 126 235 151 239 205 171 62 255 114 109 175 136 63 191 120 252
41 89 123 200 109 221 113 80 197 68 116 0 187 149 50 102 76 184 22 76 203 50 114 129 87 217 130 40 82 138 116 248
59 203 107 204 86 151 235 121 69 192 252 199 113 204 182 228 126 168 23 237 205 187 52 159 114 109 163 136 127 174 120 220
61 74 67 76 84 147 78 248 87 226 246 206 115 193 181 244 122 236 38 238 201 183 109 63 50 238 161 12 127 187 122 172
2 155 47 189 114 194 185 103 190 77 90 231 172 222 38 64 230 59 183 149 150 152 34 253 124 54 186 195 28 4 37 219
3 159 106 221 215 215 191 119 28 69 94 167 40 252 182 96 255 43 147 133 247 184 52 255 47 47 158 195 29 204 189 223
56 32 18 248 93 249 208 73 199 21 165 27 10 217 110 138 233 176 203 16 30 35 10 145 91 213 17 127 211 14 124 130
59 91 106 204 86 147 235 112 69 68 254 231 57 200 182 228 126 168 23 237 205 187 36 221 54 109 162 136 127 142 120 221
11 153 123 233 119 222 121 119 45 73 126 2 189 159 178 100 110 187 23 136 131 152 48 221 215 253 186 192 54 136 101 249
252 148 252 119 133 126 84 183 113 183 110 16 91 61 30 249 249 222 165 16 184 252 121 47 107 239 245 69 227 240 236 74
11 24 115 201 118 150 233 83 77 73 126 198 57 159 180 228 126 184 23 140 131 184 52 205 6 253 178 128 63 138 113 253
2 152 50 249 117 197 184 71 175 13 88 3 172 158 54 64 232 59 147 145 22 154 18 213 143 116 154 203 146 4 173 223
2 155 42 153 114 208 184 103 190 77 82 167 172 142 38 64 238 59 183 149 150 153 6 221 86 53 186 195 29 12 45 223
2 186 184 153 253 225 176 71 159 29 88 51 172 158 102 72 203 59 179 17 22 24 66 215 13 20 154 235 148 12 189 207
3 164 131 145 211 230 168 79 62 115 75 215 140 174 92 204 247 15 51 149 55 220 149 210 12 22 154 230 140 68 163 220
146 187 122 184 118 193 185 67 173 77 82 167 44 158 38 64 238 57 159 129 6 187 34 221 215 81 42 203 21 12 37 219
135 4 170 153 84 102 169 67 94 199 83 18 192 248 124 108 249 45 51 153 179 244 183 194 13 54 219 70 133 104 117 228
182 106 106 158 70 147 238 232 148 134 208 163 97 200 183 72 122 232 3 239 76 183 174 235 18 36 203 137 117 191 124 196
185 75 103 204 124 3 238 112 69 64 242 198 115 9 181 229 126 160 23 238 233 179 37 221 54 168 226 128 127 171 112 168
177 25 123 236 116 199 251 114 205 72 246 102 63 159 180 97 238 185 23 236 201 187 48 221 119 249 170 128 61 136 100 251
2 182 178 153 245 241 176 71 31 29 88 55 172 156 102 196 221 59 131 17 150 58 2 215 15 22 154 235 148 12 189 159
247 75 102 204 78 18 238 112 197 128 242 198 121 200 183 245 126 228 22 239 237 183 4 236 50 104 227 128 127 191 120 132
11 159 98 153 118 179 187 119 93 77 94 231 168 142 182 228 126 43 151 141 151 152 36 223 46 124 186 194 63 140 185 253
10 221 114 220 119 209 190 103 93 77 124 167 44 158 54 228 238 187 151 197 214 186 52 255 55 125 158 195 87 12 253 223
182 121 51 190 79 197 190 224 133 204 208 3 44 222 39 11 236 249 179 195 76 119 154 233 179 0 207 171 49 63 37 222
43 159 99 206 118 149 255 119 77 73 126 231 57 159 182 228 126 171 151 205 215 186 36 255 126 125 170 194 63 142 248 253
11 159 99 153 119 209 185 119 29 77 92 231 172 142 182 228 238 43 151 133 151 152 52 223 38 60 186 194 31 140 189 253
11 219 115 206 244 141 254 247 205 72 120 102 188 159 180 100 238 187 23 205 211 186 48 253 127 124 174 202 95 142 241 189
11 151 107 201 119 215 185 119 29 77 94 230 184 190 182 228 126 59 151 141 215 184 53 223 47 125 186 194 31 140 181 253
59 223 107 204 119 213 223 117 77 77 220 167 40 220 182 100 254 187 151 197 223 171 52 253 115 125 138 203 63 142 188 255
10 146 122 185 118 211 185 83 29 77 87 231 173 159 178 196 254 57 151 149 146 152 32 221 70 117 186 195 55 140 45 251
51 91 107 236 116 149 235 112 77 72 124 230 49 139 182 96 126 169 23 205 207 186 36 221 246 237 170 136 125 138 120 217
34 217 123 202 127 213 191 101 143 76 220 35 44 222 54 64 238 59 151 193 214 43 50 253 119 85 142 235 87 14 165 223
2 217 59 250 255 197 191 231 143 77 92 39 188 223 38 96 238 59 151 193 215 26 50 253 127 92 142 203 20 10 165 219
120 136 58 250 29 245 209 201 199 21 173 11 46 217 106 64 201 178 203 16 10 47 90 177 219 213 17 123 82 10 108 66
3 157 107 141 246 150 175 119 92 69 94 199 189 238 182 96 126 43 19 141 215 152 53 255 124 47 174 192 61 142 177 253
34 221 98 238 125 197 254 237 31 8 248 67 121 217 52 96 248 251 23 227 202 187 90 255 119 220 142 170 93 26 240 138
17 217 107 237 52 143 235 112 68 64 250 198 179 140 180 96 126 168 30 204 207 185 116 29 244 173 162 128 125 138 112 248
42 24 122 232 93 197 217 82 7 5 244 15 40 159 38 80 204 184 147 128 26 58 114 215 87 221 146 107 83 140 116 250
43 203 98 218 125 149 250 228 207 76 116 167 40 200 182 228 254 169 146 197 199 58 38 253 22 120 138 171 95 142 120 221
74 155 118 149 114 210 191 247 189 76 94 231 108 254 166 196 182 127 191 133 133 153 164 237 118 119 122 131 47 164 45 223
16 143 18 189 150 163 238 103 20 1 202 2 165 227 32 192 123 43 10 136 50 153 1 255 188 166 154 65 52 72 169 136
42 168 57 184 93 205 81 106 143 93 228 9 174 159 98 80 200 187 147 21 30 10 242 149 223 213 154 123 18 12 6 250
120 129 42 216 93 212 241 75 197 21 140 3 40 223 118 226 232 178 219 128 26 11 178 213 83 105 154 123 19 4 254 170
2 251 42 154 223 213 188 239 31 77 92 167 172 222 118 128 253 59 147 213 214 26 114 253 127 85 158 235 21 12 189 223
25 141 111 223 214 150 239 247 84 64 222 134 113 237 50 96 126 234 27 205 249 185 53 255 127 47 142 0 61 218 240 248
0 143 82 187 246 163 174 103 30 1 90 226 189 187 176 192 127 59 23 145 18 184 1 255 172 166 190 192 181 138 177 137
56 91 27 174 120 205 83 112 133 72 241 109 127 215 33 48 222 185 151 98 73 3 106 189 209 245 33 186 120 43 38 251
56 72 124 109 69 71 199 254 69 4 244 2 51 25 53 97 104 208 19 234 72 191 49 189 115 171 192 17 115 153 116 170
50 207 82 254 93 133 238 228 151 0 248 66 104 203 52 196 248 235 23 202 74 187 74 255 178 252 134 10 55 26 248 138
155 95 107 223 246 146 190 246 189 202 94 231 125 238 183 229 126 255 183 231 229 153 52 239 118 111 238 130 47 246 185 253
163 217 99 205 116 147 238 245 85 72 80 230 49 24 180 228 94 168 22 239 239 190 100 255 38 60 170 128 63 158 248 173
198 97 144 146 173 221 190 200 143 191 145 11 140 220 111 143 138 81 219 83 70 103 26 240 145 16 223 63 144 63 29 134
27 77 98 222 87 146 238 228 213 0 222 130 105 203 181 228 122 235 151 207 232 187 36 255 51 127 142 137 55 191 120 172
17 143 91 143 182 139 111 119 116 1 90 194 245 226 160 100 122 42 14 172 115 152 5 63 172 174 166 64 61 138 161 168
35 189 251 202 246 197 191 223 30 73 89 239 60 254 254 32 255 251 23 145 151 58 60 247 126 28 175 234 157 90 183 255
33 165 107 65 212 215 237 119 68 109 125 16 16 20 252 36 25 26 18 188 211 184 120 87 109 28 135 100 193 138 244 228
7 65 42 156 78 145 171 104 204 0 141 130 240 192 181 100 98 32 90 239 192 3 46 221 20 48 139 58 21 43 49 164
155 95 235 213 246 146 255 246 189 198 94 167 125 238 183 229 126 255 183 207 229 157 52 238 118 111 206 128 47 244 185 253
171 151 96 137 246 151 170 119 93 73 88 247 168 8 182 165 94 10 23 253 247 184 84 223 46 24 170 224 31 140 249 221
155 77 106 188 87 214 239 230 253 198 222 135 121 239 55 100 126 237 187 207 237 191 52 238 119 111 142 1 47 255 121 220
73 29 59 101 48 142 119 55 104 232 110 68 183 51 0 112 164 54 92 104 193 184 177 12 231 253 36 0 72 128 195 43
126 105 2 174 11 133 94 96 165 192 233 141 47 206 35 208 248 161 205 231 76 3 26 188 178 229 139 59 56 39 42 22
2 189 251 235 246 229 191 223 30 73 89 230 189 255 236 96 255 123 19 145 147 154 62 243 125 141 191 232 157 202 165 251
187 77 110 188 85 214 239 230 245 198 238 3 59 253 55 96 104 234 147 207 108 191 52 255 115 111 143 1 39 189 116 254
130 242 158 187 83 225 184 198 190 31 67 179 172 206 106 72 231 59 163 145 38 220 10 243 141 22 30 195 144 64 45 219
178 223 111 237 52 199 255 247 84 76 220 167 49 28 182 97 110 187 23 229 235 187 117 191 245 105 170 128 53 152 244 251
54 32 214 168 75 169 240 73 171 49 241 155 14 138 108 158 235 137 194 144 30 119 202 208 156 208 147 111 227 13 106 134
126 188 180 184 169 253 88 138 187 191 164 25 142 255 74 218 197 215 253 17 62 79 219 243 219 215 95 127 146 69 143 86
43 235 96 91 213 157 190 239 95 5 124 10 168 232 246 164 187 107 130 93 214 186 238 247 46 28 22 107 87 14 207 204
34 189 224 155 215 217 182 239 95 101 92 3 168 172 118 164 249 43 147 145 214 58 126 247 47 84 159 107 215 12 223 222
2 89 58 152 109 197 185 71 140 93 80 35 188 158 102 74 238 59 19 209 22 11 50 241 85 16 186 235 148 24 165 219
163 223 110 159 116 151 255 247 220 76 92 167 169 140 182 97 238 107 151 205 231 184 100 255 102 127 186 128 29 156 249 221
6 157 251 207 250 227 186 235 63 65 219 166 121 254 172 96 127 255 183 145 23 154 95 255 126 38 191 199 189 226 165 159
120 172 240 124 93 15 82 106 83 169 176 72 107 121 20 144 217 253 117 32 40 110 219 159 187 222 21 62 243 168 74 138
56 80 255 125 125 159 216 88 87 169 246 10 123 29 20 56 220 188 183 24 136 250 113 156 87 255 209 49 119 140 86 170
104 81 59 232 125 221 243 80 205 68 188 12 191 159 34 96 232 176 222 72 195 43 48 209 215 221 2 56 82 138 101 250
3 159 67 157 242 138 172 55 60 73 90 231 189 38 166 64 38 43 22 133 245 152 4 79 44 36 62 128 44 132 169 221
255 74 100 65 45 23 78 188 67 254 182 204 139 0 215 255 76 196 236 238 205 102 229 152 166 249 197 181 63 189 90 20
43 235 114 94 117 157 186 229 95 73 116 74 40 216 182 164 222 43 146 77 199 58 102 255 62 60 18 171 95 142 122 205
97 182 189 241 188 239 249 27 255 255 190 124 191 63 214 122 199 151 127 28 187 124 251 211 207 223 255 244 200 200 214 123
40 121 60 105 109 221 81 80 103 125 230 8 187 157 2 48 136 188 255 72 10 186 243 145 199 249 0 113 82 142 70 250
109 51 209 101 244 14 111 24 105 232 127 236 211 99 217 116 22 204 124 126 217 176 237 10 238 253 37 164 206 179 66 49
218 188 190 191 169 252 180 39 189 95 238 21 174 254 38 211 163 55 253 1 54 205 178 239 219 243 94 91 2 68 175 95
80 32 57 224 28 76 81 25 238 229 143 8 151 151 66 114 128 149 121 24 10 65 243 1 217 249 3 125 0 2 7 98
56 233 184 112 137 205 145 199 139 53 164 25 174 159 70 26 137 187 201 80 26 107 242 49 219 209 20 123 210 24 198 234
53 190 248 47 246 47 239 218 118 235 255 246 243 120 159 32 127 206 86 191 239 242 77 127 108 175 167 164 253 251 250 149
61 239 194 78 92 27 70 248 67 224 253 206 83 224 189 180 88 236 68 238 201 179 205 63 50 237 165 52 127 251 122 164
138 10 166 153 99 177 185 198 159 23 86 183 44 143 39 205 231 123 171 149 38 221 34 243 31 87 218 131 150 93 61 207
59 221 106 204 245 215 255 252 93 76 252 2 121 252 182 100 254 251 151 239 236 187 52 255 119 125 134 137 119 190 252 255
142 162 183 251 163 243 184 67 191 63 87 179 204 206 110 237 231 59 191 145 54 213 43 208 159 211 219 199 150 76 173 199
93 81 17 229 32 22 78 184 1 168 191 104 95 115 137 244 86 212 28 106 201 161 89 140 161 216 37 148 42 179 8 33
108 160 185 112 137 253 81 139 99 249 173 24 159 149 72 184 137 154 120 16 27 98 251 16 203 217 21 127 194 72 198 98
7 54 227 193 247 178 170 91 63 203 91 246 72 238 188 172 255 175 151 181 183 150 37 202 28 94 159 198 143 196 177 245
106 161 177 250 217 205 88 175 63 113 136 9 190 247 72 244 209 155 251 16 91 74 219 245 239 215 31 127 146 4 135 58
49 207 79 111 178 138 79 181 116 160 254 230 115 99 144 112 114 230 12 238 249 184 109 63 232 173 165 128 45 178 224 40
37 190 232 191 244 47 239 250 87 235 219 247 243 104 159 32 127 206 86 191 191 246 77 255 124 14 167 132 237 251 242 213
43 187 96 72 127 153 250 255 91 237 124 239 42 140 214 180 254 186 151 220 143 58 228 223 62 92 133 175 127 142 222 253
74 135 148 159 171 112 184 43 175 31 131 177 204 238 46 207 231 23 233 129 54 73 139 213 159 114 218 223 144 68 173 71
38 174 235 201 246 227 235 218 31 105 90 227 9 207 245 100 127 251 151 213 151 186 173 255 62 28 171 237 181 143 116 245
218 184 182 190 171 208 28 227 175 23 149 177 172 254 102 223 167 115 253 129 54 79 162 225 147 243 90 219 130 4 175 79
218 178 182 248 43 208 24 79 171 31 180 187 174 254 110 223 231 179 253 129 126 79 162 209 147 243 90 251 146 4 175 87
53 255 107 222 252 215 198 252 199 72 252 78 115 249 181 32 88 234 23 203 203 43 110 191 59 205 165 184 125 186 112 169
218 242 246 252 43 240 24 79 171 31 180 187 46 158 102 159 239 147 237 129 30 79 162 209 147 243 90 251 183 4 175 95
59 205 106 238 92 151 207 252 199 72 220 70 113 233 183 36 124 234 23 207 207 43 62 191 122 109 175 184 127 190 112 252
54 143 75 239 246 163 239 251 22 233 91 230 113 231 184 96 127 238 55 175 155 154 13 63 124 174 175 196 189 235 244 177
77 95 211 229 116 14 111 48 125 232 126 108 223 51 145 112 54 108 124 110 129 176 225 74 230 253 37 132 110 243 65 49
122 184 176 176 169 253 80 198 187 191 172 25 142 191 66 222 129 247 253 17 30 79 218 242 219 215 31 127 130 68 15 94
59 207 107 206 86 149 207 244 150 76 220 199 121 204 183 96 126 233 23 207 207 187 46 191 114 109 170 136 61 158 112 248
37 174 233 39 244 175 239 250 118 235 254 230 243 104 147 32 127 238 118 191 187 248 109 63 108 46 167 196 253 251 114 201
59 201 107 204 86 151 235 112 69 64 252 199 49 204 182 228 124 168 23 237 205 187 52 159 114 109 162 136 127 142 120 220
26 155 47 189 50 198 185 119 188 77 82 231 189 255 178 64 230 59 191 133 195 153 48 223 252 103 186 192 28 132 37 249
57 1 99 201 116 215 235 114 69 65 126 2 57 159 182 100 122 168 22 140 141 186 52 221 87 237 130 64 119 138 112 236
217 77 95 117 54 10 111 54 124 162 102 64 255 35 145 115 34 100 108 110 97 252 181 44 230 235 103 0 100 177 65 40
34 181 113 106 221 253 82 239 27 13 252 9 42 253 108 20 217 187 215 16 30 43 250 255 127 220 5 127 211 74 230 206
146 26 59 189 50 195 185 115 188 76 82 231 189 159 32 64 230 57 159 129 195 157 0 223 213 225 58 128 20 0 37 251
26 26 43 185 50 194 185 115 188 77 82 231 189 159 34 64 238 57 159 133 194 157 32 223 212 101 186 194 28 4 37 219
27 141 106 221 87 215 187 103 93 69 94 131 41 236 54 96 126 59 147 133 150 186 52 223 127 111 138 195 55 12 253 222
51 91 106 140 86 147 234 112 133 68 220 231 33 204 183 196 126 168 151 231 205 187 36 221 50 44 170 136 61 142 124 221
59 64 99 201 118 151 235 80 77 64 126 198 57 142 182 228 126 168 23 205 135 184 52 223 22 109 170 128 127 142 120 253
104 33 56 104 125 141 83 81 105 37 172 8 191 151 64 48 128 184 95 72 74 43 240 31 243 221 0 121 82 130 70 42
3 164 131 147 209 231 168 79 62 115 75 211 140 190 108 76 245 15 51 149 55 220 17 215 13 22 154 230 128 68 161 196
7 4 170 153 212 230 161 67 94 135 87 18 212 248 126 104 249 29 51 153 50 244 179 194 77 54 155 70 132 72 181 166
182 74 235 158 78 195 207 72 148 198 208 131 97 204 183 72 120 232 35 239 76 167 46 170 80 34 139 9 117 191 116 200
169 10 71 205 100 147 232 114 85 64 246 70 57 9 181 229 110 172 22 238 233 182 100 204 22 186 226 128 127 168 112 172
136 24 123 253 102 198 185 115 60 74 87 114 60 159 160 105 238 57 23 129 161 156 32 206 213 171 186 128 61 136 37 179
19 146 106 185 118 145 185 71 156 69 90 183 44 142 54 64 238 57 151 149 134 157 36 215 84 37 186 203 29 12 173 223
2 178 144 153 251 169 184 75 30 21 88 247 172 142 102 136 207 59 147 17 22 24 82 213 12 20 26 235 156 12 141 159
31 122 147 222 57 151 178 208 190 136 82 100 124 214 161 228 228 121 158 210 131 135 10 255 176 247 43 138 26 23 41 189
179 74 110 140 78 18 234 112 213 134 242 199 97 200 183 65 122 236 38 239 236 183 6 204 18 40 234 136 117 189 120 132
243 74 102 204 68 18 232 112 197 192 242 198 121 8 183 229 110 164 55 239 237 183 37 204 22 104 226 128 63 173 120 4
43 159 98 203 118 147 250 119 93 65 124 231 41 12 182 228 126 171 151 141 215 186 36 255 62 124 138 194 63 142 248 253
182 121 19 190 79 197 182 192 148 136 208 103 44 222 37 193 252 249 183 195 73 167 154 232 177 32 235 139 57 59 37 155
35 137 82 202 244 149 238 103 77 1 120 194 169 139 180 228 126 187 19 205 211 186 84 253 62 124 138 72 31 142 249 140
11 149 107 201 119 215 185 119 29 69 94 163 56 158 182 100 238 59 147 141 215 184 52 223 103 125 154 195 23 140 245 255
34 191 43 153 213 213 179 103 30 77 124 55 168 156 102 132 217 59 130 17 151 186 48 247 45 20 158 227 209 12 189 223
43 159 99 202 119 215 251 119 93 77 92 231 56 221 182 228 254 187 151 229 215 186 52 255 127 93 170 194 63 142 244 255
43 157 115 202 119 213 251 117 77 73 92 230 60 223 180 100 254 187 151 205 211 186 48 255 119 92 170 202 31 142 245 255
154 18 122 249 118 147 184 83 29 77 87 247 45 143 182 64 238 57 151 149 150 156 36 213 86 113 186 195 63 140 45 241
145 88 123 233 54 198 251 80 236 72 214 102 53 158 176 96 110 57 31 205 129 149 36 204 210 169 170 128 61 139 33 241
58 211 106 202 87 209 219 252 69 76 253 135 43 204 190 164 124 168 151 239 206 59 60 255 115 93 138 235 119 142 252 215
34 153 123 234 126 197 187 125 143 77 252 167 60 223 54 96 254 187 151 193 215 43 50 253 127 28 170 235 21 14 181 251
17 26 123 237 54 203 249 80 236 76 118 98 53 159 160 96 102 57 31 72 130 185 36 221 214 233 42 128 53 136 101 233
145 8 127 237 52 206 105 112 236 72 211 98 183 31 176 96 102 37 30 237 137 185 37 13 208 169 170 128 36 138 97 121
185 17 59 104 53 205 67 83 97 76 252 8 62 21 34 52 216 184 22 104 203 190 112 31 243 221 32 112 82 138 70 251
104 41 56 104 125 157 83 81 225 40 172 8 187 145 16 48 136 184 95 72 202 43 240 21 247 221 0 121 82 138 70 170
59 251 96 72 125 149 218 120 69 104 244 78 42 28 182 164 78 152 150 236 207 42 116 221 55 89 128 255 127 142 122 189
11 141 111 237 87 214 239 103 84 65 94 2 185 255 50 96 122 170 19 173 215 184 53 223 127 45 170 192 53 136 241 232
27 223 99 28 51 150 174 119 245 72 94 230 41 166 178 228 38 127 151 204 197 152 52 239 98 109 174 128 47 148 161 253
42 184 49 200 125 221 113 64 143 97 100 9 174 159 100 180 200 184 147 88 3 62 242 213 95 88 16 123 82 12 70 254
43 225 98 10 93 217 186 237 207 69 116 143 40 204 126 164 250 137 147 213 198 58 126 245 62 89 130 107 87 14 254 222
34 251 42 154 253 197 185 237 142 77 92 39 172 222 54 0 252 59 147 213 214 58 58 245 127 21 158 235 21 14 181 223
25 141 111 220 212 214 239 103 212 64 222 2 113 237 48 96 120 170 59 141 249 153 53 255 127 47 174 64 53 136 240 232
60 40 58 248 13 241 210 64 195 20 165 11 10 217 103 8 201 184 203 82 14 39 154 176 211 209 1 123 211 43 110 2
228 148 252 117 140 110 117 159 118 247 103 16 83 53 94 123 73 214 57 24 184 244 249 2 79 171 117 69 225 192 212 226
57 213 33 233 181 87 199 61 68 72 223 66 219 92 184 224 88 16 150 41 221 184 125 157 171 237 163 84 119 138 216 100
34 241 98 26 93 217 178 237 95 69 117 15 168 220 126 132 152 11 147 209 86 58 126 245 63 92 158 107 87 14 255 222
106 185 144 217 89 221 112 207 47 57 36 8 140 147 70 180 201 154 243 24 18 26 210 209 31 92 21 127 154 4 202 134
184 232 57 122 13 205 81 198 199 61 164 8 46 157 102 56 137 186 196 80 74 47 114 177 219 209 20 123 82 25 70 106
85 51 59 108 56 143 91 120 236 136 241 104 247 215 129 112 150 60 92 106 201 3 226 28 208 237 33 184 16 162 3 33
74 219 114 204 114 208 187 117 45 76 94 231 44 158 166 196 182 61 183 197 197 153 164 237 118 117 42 131 47 134 47 255
87 75 34 140 30 129 134 96 204 0 152 138 160 192 181 100 104 225 74 227 192 3 6 252 176 48 138 59 20 59 49 164
16 143 94 191 150 131 110 231 20 1 218 194 229 163 160 64 122 171 10 172 114 152 5 255 188 166 174 64 60 138 169 136
114 0 58 218 93 245 209 73 195 5 173 10 34 223 46 116 200 176 219 16 26 35 58 213 211 221 130 123 147 10 118 98
81 57 59 238 58 141 27 120 174 136 215 104 245 215 161 112 182 57 93 106 195 3 162 93 209 173 43 184 16 163 3 49
216 89 63 116 34 200 117 54 169 202 166 40 63 151 1 115 162 53 252 64 97 141 176 109 243 233 112 3 96 48 39 59
249 75 108 69 173 27 93 55 65 236 182 140 43 12 151 247 76 164 236 236 236 190 101 140 230 219 228 177 103 188 220 76
233 43 78 101 53 31 76 55 69 236 126 12 171 33 146 183 12 166 204 44 252 184 117 140 230 249 160 145 110 140 216 108
34 207 82 254 93 151 238 239 223 8 248 66 40 203 52 196 216 234 23 203 106 187 74 255 54 220 134 139 23 190 248 138
27 159 106 156 118 150 191 119 61 194 222 231 121 238 182 228 126 255 183 231 197 155 52 239 54 111 238 128 47 246 57 253
48 18 59 172 58 207 27 80 141 200 245 108 119 215 161 112 254 185 23 32 137 131 50 29 209 225 43 154 56 170 39 243
6 240 158 187 10 193 184 201 158 23 65 179 252 215 104 74 255 27 171 147 2 71 26 241 205 209 94 235 144 3 165 147
214 105 144 162 141 109 150 204 143 180 137 9 142 218 111 11 136 211 203 83 78 99 154 240 177 208 79 63 16 127 149 6
163 222 101 153 118 147 236 119 93 64 80 230 57 24 182 229 126 40 23 239 229 188 101 255 36 58 250 128 63 156 248 221
58 77 98 222 85 211 254 231 213 6 220 2 105 234 55 228 120 235 147 203 76 175 38 255 51 255 142 11 55 126 252 142
17 143 75 235 182 130 111 247 116 0 94 230 241 99 184 96 126 42 22 236 243 152 13 63 236 172 166 192 60 138 161 169
125 120 152 97 44 111 83 154 106 250 39 8 150 17 65 58 147 84 124 122 1 116 217 0 213 137 37 52 232 113 66 3
29 189 123 235 246 199 175 253 22 65 89 230 253 255 184 96 127 123 23 217 147 152 60 191 237 205 175 228 189 218 161 241
27 77 106 222 215 214 239 231 245 198 222 131 121 239 55 96 122 239 147 207 204 155 52 238 119 111 142 1 39 254 245 250
246 121 172 178 143 101 158 204 139 182 144 11 78 222 111 27 221 209 253 243 78 71 218 240 177 82 207 191 21 127 159 86
120 33 57 96 29 77 67 72 99 164 172 8 19 151 64 112 16 156 121 120 10 50 240 21 217 237 1 125 98 130 70 98
57 105 104 76 93 153 203 72 199 36 172 10 59 217 245 52 72 168 123 234 202 35 230 157 119 13 129 57 119 138 86 168
2 175 177 184 254 165 189 199 138 29 88 107 172 190 226 0 141 59 23 149 146 10 130 241 109 20 190 234 144 92 133 203
202 156 182 190 169 244 176 39 175 95 142 49 174 254 6 223 167 55 253 129 54 77 163 225 155 243 90 91 2 68 175 79
73 182 189 241 252 237 249 31 255 251 186 92 190 63 80 122 135 31 127 28 179 252 243 211 205 223 119 240 200 200 131 251
19 184 62 255 58 133 59 248 174 40 147 224 253 223 161 96 182 61 127 194 194 1 139 93 209 237 43 184 28 162 33 59
27 219 107 190 86 129 175 246 150 64 92 231 57 206 179 96 126 251 23 207 195 155 46 255 112 45 174 136 61 146 49 249
54 42 198 130 75 161 160 64 175 49 233 219 6 138 100 158 235 137 66 147 30 115 142 208 156 16 155 111 193 79 43 132
237 55 209 69 116 14 107 56 121 232 127 236 219 35 149 244 22 204 84 126 225 176 237 14 110 253 33 132 110 187 82 177
66 24 182 20 203 252 52 71 191 151 110 17 44 254 103 223 161 119 235 17 4 201 178 192 27 118 94 11 130 116 45 79
33 175 233 175 244 175 239 254 118 169 250 230 243 105 145 96 127 238 54 61 152 184 109 63 236 174 167 196 245 251 112 233
121 255 64 77 126 155 66 250 67 232 252 238 115 104 151 180 62 236 84 110 205 187 253 63 54 237 37 180 111 175 90 157
27 157 62 252 53 150 126 55 149 72 222 2 253 255 48 229 228 179 191 141 249 137 50 255 251 255 174 130 30 140 57 59
59 203 107 238 124 147 203 113 212 72 220 230 49 205 182 96 92 168 23 237 203 171 36 191 114 237 170 152 63 142 112 249
57 1 107 206 84 215 235 113 69 72 253 66 51 216 182 100 120 168 23 205 207 186 116 159 115 109 162 128 127 142 112 236
26 157 47 189 19 214 57 119 173 73 222 199 61 191 50 192 102 55 191 141 129 153 49 205 243 231 170 128 62 132 37 121
41 64 107 202 85 215 227 80 69 73 253 66 51 217 62 228 120 168 18 237 143 178 116 221 87 93 130 72 119 142 112 228
57 78 107 44 30 147 203 120 86 206 252 239 99 200 179 0 120 232 6 239 204 167 101 63 114 111 161 153 119 191 116 237
59 65 107 206 84 151 235 112 84 72 245 199 49 204 182 96 120 168 23 239 205 178 52 223 114 45 170 136 125 142 120 252
26 151 39 169 19 230 185 119 172 69 222 167 189 143 50 192 102 59 159 133 151 153 53 221 241 101 186 195 63 132 37 251
98 188 177 248 253 237 82 207 59 173 168 25 142 191 68 24 217 187 215 16 30 106 216 215 31 220 21 127 210 76 198 154
7 160 131 147 85 231 169 67 62 121 67 83 140 158 108 204 241 11 19 149 19 216 59 208 13 22 154 230 128 6 49 196
6 48 186 219 212 230 177 67 94 143 71 18 148 241 118 104 217 60 19 25 18 244 122 194 77 54 155 69 128 73 61 162
177 10 106 141 68 18 233 114 84 134 242 198 49 136 183 96 120 172 38 205 204 182 68 138 84 41 226 128 125 169 120 140
18 19 123 233 50 224 185 87 44 77 94 231 61 159 32 64 246 59 151 145 18 153 0 199 213 229 186 193 180 194 165 251
27 141 106 155 23 242 185 103 92 69 94 135 41 142 182 100 126 43 147 149 151 152 53 253 103 109 154 193 55 140 189 220
2 178 48 139 127 173 184 75 14 17 89 175 140 142 108 136 207 27 147 17 22 56 82 209 13 20 26 239 156 14 13 151
21 90 154 254 58 151 26 208 166 200 222 100 124 214 163 224 230 121 158 198 133 135 42 63 146 239 43 138 24 179 41 29
182 90 139 188 79 196 182 80 148 138 208 103 48 223 33 192 124 249 151 195 201 135 18 234 145 165 170 139 61 59 60 155
243 74 106 205 102 50 232 82 113 134 82 199 25 10 183 104 110 173 55 205 140 190 132 202 22 42 234 128 45 173 120 140
43 141 98 203 119 151 250 119 93 65 125 194 40 220 180 228 126 187 151 237 183 186 60 255 46 92 138 194 95 142 248 141
138 133 106 249 87 215 185 103 93 5 94 18 189 159 52 100 234 59 147 129 242 184 52 223 103 125 154 195 55 12 181 238
2 155 62 191 34 224 185 39 173 93 82 247 172 190 38 73 230 51 191 133 151 137 2 229 196 50 250 195 28 4 173 223
175 223 99 201 247 211 251 252 87 77 92 231 56 220 190 164 94 186 151 253 247 186 60 255 110 93 173 227 127 142 244 247
34 189 115 202 118 197 187 253 79 73 89 227 60 221 60 36 222 187 23 241 211 58 56 255 63 28 138 234 21 138 181 255
139 141 43 237 85 215 249 103 212 73 94 18 185 191 50 96 104 171 23 137 112 184 33 223 119 109 186 193 23 8 245 234
88 146 63 229 34 232 57 23 172 9 94 247 189 63 160 64 166 55 189 129 144 153 1 197 194 229 58 130 44 128 37 59
19 93 107 92 54 214 255 116 245 200 214 231 120 222 183 117 110 241 29 239 237 139 52 237 115 40 170 130 39 182 112 125
59 45 96 64 117 223 218 113 65 228 252 14 42 136 246 180 88 168 150 252 207 186 116 222 127 93 129 123 127 142 94 222
38 251 106 200 245 213 219 249 79 77 252 175 10 221 254 0 220 153 151 245 222 43 120 247 123 93 129 255 87 143 246 215
34 177 59 170 124 197 187 237 15 77 89 171 188 223 124 0 222 59 19 209 210 58 26 245 125 28 170 234 85 10 181 243
24 141 46 253 52 194 227 119 212 9 222 34 177 185 176 96 232 42 63 137 120 187 33 223 107 239 170 193 17 8 244 170
5 20 41 169 116 47 235 154 86 109 95 70 209 113 187 96 89 10 19 61 163 176 125 30 76 15 163 196 156 203 80 241
38 185 40 136 253 213 154 201 139 109 188 47 8 220 126 16 220 155 215 85 150 43 250 245 127 28 15 255 213 15 255 215
106 233 48 64 125 221 80 69 203 237 44 9 10 158 86 180 200 168 194 80 22 59 242 208 31 92 5 127 210 14 94 206
34 189 209 120 217 237 82 207 59 49 168 25 46 255 76 16 217 219 67 16 59 106 218 247 189 220 21 126 208 72 194 130
56 205 74 172 214 194 94 247 132 128 250 131 51 169 51 64 120 234 145 228 108 187 0 174 114 237 164 1 119 248 248 10
39 34 199 147 198 169 168 65 46 49 113 247 196 194 236 15 123 41 2 151 18 240 78 64 28 0 203 100 205 11 163 132
64 152 63 250 40 200 57 7 172 29 54 49 182 151 96 91 130 51 109 16 2 13 34 113 195 177 114 73 16 0 5 123
184 77 2 172 149 147 70 229 129 4 200 139 39 200 33 208 216 235 133 227 76 139 4 189 177 225 140 27 53 62 188 14
68 164 188 113 140 110 113 159 230 183 167 16 210 53 90 123 193 86 121 24 50 96 251 0 79 187 85 85 192 192 212 98
43 141 98 206 125 151 254 127 93 8 252 66 104 249 52 228 248 186 151 169 220 186 114 255 127 127 130 203 87 142 248 174
219 216 118 94 79 220 84 101 233 66 167 8 46 216 38 183 162 161 248 66 69 111 178 225 51 121 84 27 106 20 235 14
216 120 191 116 43 232 49 66 185 158 166 56 63 159 65 27 166 245 237 0 0 71 162 96 211 225 114 43 224 113 39 43
135 182 229 83 230 63 173 191 126 123 27 222 216 40 220 173 55 6 114 189 179 84 61 211 12 30 255 228 143 212 147 189
168 233 57 120 109 201 85 167 195 61 52 56 190 157 64 48 139 26 198 80 74 46 98 49 235 209 52 123 82 24 198 235
213 84 75 172 10 111 63 80 164 194 203 135 85 79 51 9 54 161 91 239 229 135 20 78 211 169 75 24 57 243 33 80
209 252 11 190 28 133 107 240 164 74 128 69 49 215 49 113 236 233 91 239 233 7 56 63 241 137 170 56 8 19 34 218
20 159 107 173 182 163 111 247 134 165 218 231 87 231 177 64 126 239 31 255 152 153 45 60 248 165 175 196 181 251 181 241
196 240 153 168 136 69 157 200 134 17 128 27 149 215 104 10 223 89 123 242 82 71 219 81 217 129 239 124 144 49 165 178
80 16 58 97 50 14 49 87 36 40 243 96 151 23 128 112 230 149 93 32 136 153 17 12 209 232 50 144 40 128 33 59
97 183 169 169 188 13 79 159 82 105 152 93 179 41 216 112 220 138 29 29 155 42 217 19 236 252 180 252 152 138 210 25
27 219 98 206 114 144 187 116 45 68 94 231 41 206 182 228 126 185 151 197 199 155 180 253 54 124 138 202 63 134 47 253
145 207 95 191 54 130 111 181 252 0 218 230 245 98 176 65 118 234 14 238 225 153 13 127 164 174 174 128 60 146 161 8
132 160 157 187 136 197 51 136 174 17 193 16 213 211 72 75 209 89 107 210 18 84 91 49 205 162 251 100 144 1 161 162
109 34 233 161 236 47 73 25 83 251 61 93 211 41 218 24 29 140 117 63 153 118 237 18 222 205 165 244 253 235 210 81
246 189 232 164 141 71 222 235 27 182 184 11 102 255 69 19 217 247 125 227 108 67 218 138 249 212 205 63 37 120 86 90
92 50 154 96 179 63 16 17 171 189 167 252 207 167 201 154 183 21 236 48 18 113 137 0 219 213 37 119 226 227 135 51
58 77 234 222 213 214 255 231 181 196 254 3 56 255 55 96 248 235 19 207 72 187 50 239 115 111 158 9 37 122 252 234
39 163 225 75 252 57 204 157 67 121 189 252 129 108 220 188 93 202 214 188 159 114 239 145 14 92 181 254 223 222 218 245
29 253 123 233 246 135 175 247 22 64 88 230 53 215 176 32 126 123 23 252 251 184 52 255 236 205 175 196 61 138 177 185
52 87 123 236 230 102 255 81 68 202 255 230 81 221 169 105 126 188 23 234 217 179 48 140 115 169 162 128 125 251 244 243
214 109 152 178 141 109 22 207 138 182 136 25 230 250 105 27 129 211 105 115 106 103 154 242 177 144 79 63 16 123 133 10
111 162 225 65 237 59 77 153 83 255 189 254 75 101 221 190 31 204 118 62 155 114 237 208 14 92 197 246 247 255 210 245
27 137 234 206 87 210 255 231 21 68 222 131 121 254 54 228 122 235 179 205 196 187 38 237 119 111 142 137 55 190 253 238
18 16 59 232 50 102 57 84 44 73 211 247 23 151 160 64 118 157 31 161 153 147 17 64 209 165 58 128 44 139 37 115
60 8 51 250 29 245 83 64 195 12 253 8 58 221 33 116 200 184 132 66 10 43 106 189 211 221 0 123 82 11 118 98
3 255 107 169 118 135 175 247 30 72 88 230 53 223 180 32 126 59 23 237 243 186 4 255 108 12 175 196 29 136 177 185
34 207 82 222 253 147 238 239 223 6 248 3 104 232 52 196 216 234 131 195 94 187 74 255 54 126 134 43 87 94 248 142
192 30 157 229 50 74 45 55 48 170 82 240 181 55 128 99 38 119 125 136 97 220 241 14 229 162 122 128 44 160 5 57
22 210 107 190 106 192 31 248 150 94 209 231 113 207 169 64 127 249 191 227 202 7 46 125 240 167 239 141 53 179 36 241
114 61 232 228 13 79 94 107 27 166 184 139 99 61 87 18 221 245 221 161 108 107 209 138 251 223 205 191 101 124 86 90
74 185 146 144 219 217 48 71 175 165 102 11 12 154 102 156 163 63 226 16 22 88 146 208 31 84 23 107 130 4 15 142
139 212 132 159 229 62 188 175 95 115 67 247 236 120 30 239 215 79 187 5 181 220 95 195 14 119 222 135 142 124 153 223
91 153 62 236 19 214 120 119 165 73 206 131 125 191 50 224 230 183 191 133 221 153 49 205 243 239 170 131 46 132 169 123
26 157 38 220 61 214 184 103 141 9 222 2 108 255 52 229 232 51 191 161 120 137 51 221 179 119 218 195 22 12 188 127
202 24 148 191 173 124 144 142 155 91 16 125 172 190 69 203 133 83 255 17 39 76 211 225 133 50 90 187 152 93 9 31
171 75 107 200 116 145 203 120 84 72 212 231 49 204 183 96 92 168 23 239 203 178 102 191 116 13 170 136 125 143 112 241
15 56 131 152 121 245 186 64 174 201 195 101 140 222 96 204 233 41 155 149 23 22 2 208 140 84 155 239 154 7 41 151
40 61 58 120 89 237 80 87 183 13 252 9 62 159 34 144 204 186 215 8 26 187 82 159 211 221 16 123 82 136 206 155
154 153 107 171 147 214 57 119 173 69 206 135 61 143 50 192 102 179 191 197 155 153 53 253 243 229 154 193 62 134 173 123
26 137 39 175 23 214 185 103 173 77 222 131 45 159 50 228 102 179 159 133 22 153 53 253 243 119 154 195 55 6 181 126
25 27 90 193 182 186 248 83 125 73 126 118 25 10 182 228 102 46 22 156 181 184 37 206 38 237 34 192 239 192 233 133
26 23 83 201 242 194 57 119 45 73 126 230 60 151 160 116 102 59 151 152 179 153 32 207 246 176 170 194 190 130 165 185
62 106 122 224 71 209 243 80 201 140 252 42 8 221 117 4 250 249 151 242 72 51 2 232 83 217 129 43 119 191 126 163
6 58 178 153 109 228 161 66 158 159 64 20 132 212 103 110 201 121 34 19 2 84 242 224 13 20 154 106 144 13 53 229
178 95 103 158 86 130 190 103 156 68 216 231 104 204 183 65 126 187 151 231 230 175 6 255 48 46 170 136 61 30 181 221
154 159 115 193 242 194 187 87 61 73 94 242 60 31 164 228 102 59 151 152 179 153 48 199 46 252 58 194 174 128 165 185
149 90 154 188 30 134 26 80 148 202 214 102 49 215 163 96 124 249 30 226 237 135 32 42 210 229 171 136 41 57 40 155
146 207 127 255 54 192 188 103 157 3 82 179 44 159 52 65 238 59 23 129 98 157 6 255 48 50 154 131 21 8 181 139
15 219 96 139 127 149 186 248 142 65 85 231 232 204 190 164 254 41 147 221 199 137 62 253 46 89 142 226 31 142 57 213
35 141 114 203 215 151 234 237 95 1 121 66 40 88 60 228 250 139 19 221 182 186 28 255 62 92 138 227 223 14 248 142
18 154 174 156 19 208 184 99 189 93 214 167 108 254 166 207 230 187 191 133 150 201 38 237 154 99 218 139 167 4 45 223
210 90 111 236 70 70 189 115 160 202 214 227 49 159 53 99 108 181 19 165 224 151 36 204 83 41 234 136 37 176 119 251
171 243 99 9 127 211 168 124 79 236 84 231 40 204 190 164 94 9 147 237 199 190 116 223 38 88 139 238 95 140 121 221
34 189 97 104 245 221 219 223 91 229 120 139 26 157 117 48 222 153 147 117 158 58 244 223 127 92 133 110 247 140 86 254
167 123 4 150 237 17 172 232 139 176 144 239 236 234 253 135 206 233 179 231 197 67 222 240 60 16 207 190 29 62 25 156
34 189 120 66 117 221 219 81 91 229 125 47 42 157 214 52 220 186 151 21 142 58 240 251 127 93 0 123 87 142 86 222
133 74 199 193 12 134 234 208 228 186 210 70 145 129 241 235 104 100 42 254 193 181 15 40 4 168 227 132 45 187 113 160
115 75 6 164 4 2 78 230 129 128 250 226 39 10 177 66 232 229 20 231 76 139 4 172 176 224 238 128 37 56 112 12
111 34 194 180 228 48 104 19 51 195 81 247 9 170 210 216 95 143 183 157 151 94 199 194 30 111 190 204 175 228 186 149
66 177 178 30 203 212 176 79 171 221 98 1 44 254 102 94 160 59 235 17 22 75 178 193 27 54 94 43 130 68 165 95
243 217 62 94 39 156 86 231 233 78 164 29 46 152 54 83 160 227 253 70 212 47 178 229 115 249 80 91 72 4 238 95
7 162 165 1 228 55 172 143 123 251 27 244 200 32 220 175 183 71 126 189 149 208 141 192 12 30 255 230 142 118 187 165
92 65 47 233 131 118 89 73 36 228 199 2 95 151 59 122 112 149 249 251 24 145 177 0 211 225 202 17 163 83 165 98
16 104 153 169 40 69 29 223 6 184 144 11 151 23 65 10 205 29 95 208 74 70 211 16 205 129 239 60 144 56 5 186
20 217 111 236 150 135 79 244 164 132 222 134 115 199 177 64 110 230 95 252 216 139 52 60 248 172 175 80 61 186 180 120
216 76 62 180 45 110 85 38 173 182 134 9 223 59 3 91 128 229 125 99 108 69 211 136 211 243 71 17 0 121 29 74
84 182 255 241 230 98 125 183 114 247 70 246 85 63 216 107 55 95 57 185 177 216 189 66 111 175 255 196 164 240 167 121
60 83 234 197 214 82 239 117 64 204 214 230 81 109 190 96 126 228 55 253 216 178 37 204 122 41 166 196 111 186 244 113
112 44 153 164 28 79 87 107 136 162 136 11 183 63 65 18 137 245 93 33 104 75 208 10 249 134 143 61 0 104 23 10
84 232 157 169 136 11 5 136 38 48 128 64 215 211 65 74 81 93 105 122 26 84 203 16 205 128 239 116 176 49 129 34
34 153 170 222 213 196 247 231 149 5 252 3 40 255 54 96 248 250 147 193 74 187 50 253 119 61 142 11 19 10 252 234
66 186 81 177 58 201 48 134 175 125 58 253 172 151 64 150 167 23 237 20 19 73 131 113 156 148 59 254 10 4 135 91
153 221 95 233 54 131 239 247 20 224 94 230 49 23 176 97 126 184 23 232 233 152 53 159 242 207 166 192 61 152 49 185
56 141 178 190 221 213 150 239 87 5 232 3 106 249 38 192 248 251 131 193 94 186 90 253 55 247 142 11 83 78 252 138
180 91 107 227 230 66 127 208 4 78 247 247 83 15 187 73 127 221 23 247 233 182 53 162 243 201 174 132 37 187 116 243
212 109 153 164 140 77 7 207 138 178 136 8 150 243 97 26 137 211 73 99 120 71 218 82 249 132 79 60 16 120 135 10
128 146 63 184 32 172 185 27 190 93 82 213 181 199 56 73 167 17 63 21 178 141 18 85 197 34 122 204 148 0 165 115
119 116 234 71 206 51 222 216 67 226 191 238 83 104 223 58 127 204 244 254 141 115 253 138 90 79 229 181 237 255 90 148
145 221 111 237 54 131 175 119 20 96 94 230 181 31 176 97 110 59 23 237 225 185 53 255 228 143 170 128 61 136 49 185
42 201 234 206 85 208 251 237 71 5 220 3 105 253 54 96 120 171 147 201 94 186 62 253 127 109 138 73 55 14 252 238
34 141 18 222 221 213 246 239 95 5 232 3 106 232 46 196 217 171 131 1 94 58 90 255 63 246 150 75 83 14 252 142
198 62 188 23 171 56 188 138 190 183 15 245 204 238 207 206 167 87 235 19 180 84 143 226 14 54 95 135 134 117 141 87
148 88 123 227 102 64 123 208 48 90 115 247 85 31 169 73 127 217 23 242 107 148 57 98 245 193 174 196 165 155 37 243
55 179 232 35 206 51 223 216 66 247 189 175 81 104 223 42 127 205 85 247 156 114 253 18 126 77 173 253 253 255 218 215
217 79 87 237 38 2 111 186 116 74 218 230 123 99 177 229 118 228 60 238 233 149 37 47 244 235 226 128 62 176 97 41
155 223 122 191 118 147 191 119 252 76 124 231 61 206 182 32 126 59 151 197 230 184 36 255 118 109 170 129 125 142 45 221
147 255 107 202 87 148 186 116 29 68 124 199 41 206 182 224 126 187 151 199 199 155 52 255 51 109 138 139 63 134 123 221
120 122 48 248 57 169 18 198 139 12 188 173 174 219 99 20 142 59 207 80 10 43 66 177 242 213 49 187 210 25 15 11
143 92 198 151 227 50 188 162 185 210 82 247 76 106 151 207 39 103 251 175 229 212 31 234 14 122 223 130 143 245 185 213
138 134 142 187 152 241 184 7 158 87 195 179 173 238 46 201 205 51 187 145 54 207 110 247 138 227 250 201 148 68 189 94
89 79 87 237 34 2 109 59 60 138 90 230 253 35 161 65 118 101 63 236 225 153 1 207 244 174 234 128 44 240 33 41
143 94 199 151 231 54 108 182 117 218 82 246 105 110 181 239 103 103 180 175 229 212 47 238 36 122 255 130 47 245 185 213
253 112 141 39 12 126 70 152 114 242 163 72 215 112 89 251 217 196 124 111 173 101 223 42 129 235 101 52 200 123 90 48
210 3 111 225 134 82 105 51 36 228 214 179 145 6 178 105 98 164 255 252 125 157 37 204 222 227 250 197 37 128 244 112
154 94 94 190 38 160 189 119 156 6 94 182 125 238 179 65 102 51 183 135 224 141 38 239 240 227 250 137 61 208 173 217
38 187 98 219 245 151 250 201 95 29 113 103 40 200 190 132 249 11 151 241 150 186 12 253 46 92 143 231 223 14 248 135
27 245 96 137 63 151 184 109 93 64 213 135 201 76 190 165 254 169 151 165 231 35 124 221 50 89 139 254 95 14 57 213
208 78 31 190 38 224 61 119 188 14 82 242 245 231 161 75 102 119 47 129 97 157 34 111 240 167 250 129 36 240 37 105
154 94 119 156 43 241 187 210 159 94 80 247 108 254 165 237 167 115 183 195 163 69 46 255 19 83 123 139 183 117 37 255
202 203 92 253 170 8 61 183 172 62 22 241 189 7 130 75 167 19 253 77 244 76 231 209 230 243 122 209 52 144 141 89
62 54 210 129 242 50 178 82 30 175 123 247 12 162 234 204 255 31 134 145 150 154 133 194 28 20 58 199 143 207 45 133
171 161 97 73 85 95 248 93 67 233 117 26 8 157 220 180 124 152 147 188 214 182 244 212 95 89 129 109 87 142 214 244
212 69 126 229 6 70 126 97 44 226 135 3 87 31 58 67 242 213 61 227 108 149 145 200 243 233 234 5 37 51 185 2
218 122 158 188 41 196 20 215 139 95 144 125 174 255 99 203 197 115 253 1 74 71 146 163 211 243 126 155 146 124 189 91
118 217 122 126 43 208 22 224 195 84 164 43 122 218 46 113 230 243 253 194 78 43 62 117 115 233 64 91 121 19 110 95
84 248 186 62 79 196 182 192 232 84 177 43 126 220 47 27 162 241 241 67 70 99 154 97 209 225 106 43 69 51 47 203
94 163 192 160 250 11 56 205 43 181 185 185 143 139 94 20 183 141 205 53 86 83 140 209 248 84 13 255 247 142 139 70
15 191 241 87 242 203 239 186 127 225 58 108 248 117 149 164 55 94 115 72 243 248 125 255 44 30 5 228 207 230 67 185
86 193 248 226 139 216 82 132 235 53 167 9 79 31 78 222 162 213 249 208 30 3 251 224 155 245 80 95 162 7 174 6
55 196 225 76 78 51 137 234 86 98 216 142 81 108 189 236 127 140 50 173 141 54 117 147 20 14 203 44 127 236 112 116
194 217 126 58 106 208 150 228 232 85 177 41 44 222 38 115 166 243 235 195 86 47 142 245 51 113 90 107 85 19 175 95
212 148 30 177 184 239 81 3 142 61 139 49 214 215 32 64 193 53 125 16 58 9 91 21 201 195 171 85 144 8 149 99
117 114 209 103 38 106 107 24 112 226 251 234 211 117 217 58 62 212 124 122 137 244 237 10 148 174 33 20 229 243 66 33
68 188 249 119 242 202 127 191 58 230 74 133 245 111 81 16 55 255 113 185 177 216 189 63 109 142 13 4 173 226 7 120
237 28 155 252 132 102 71 123 148 202 237 24 246 247 33 121 216 112 17 42 41 135 114 11 241 175 226 24 24 123 112 114
209 201 111 236 20 135 111 244 180 164 226 134 115 135 177 81 110 228 123 238 105 155 49 44 241 170 231 0 37 184 100 120
198 52 151 145 147 104 176 130 58 179 11 242 140 182 77 78 167 95 171 17 50 212 139 226 141 54 95 71 128 65 133 167
61 98 225 71 228 43 239 88 82 170 185 234 83 224 221 190 126 236 86 254 136 243 237 136 28 204 165 180 229 251 82 165
66 187 253 23 98 201 57 147 174 117 70 165 181 199 194 50 39 127 123 220 131 88 191 113 76 32 27 96 4 128 7 248
117 107 235 102 230 59 238 200 64 226 187 234 83 232 221 186 122 236 116 247 141 243 237 42 18 13 229 176 229 251 90 133
42 217 50 202 93 213 179 237 79 5 236 2 40 221 46 68 216 58 147 193 82 43 122 253 123 124 138 75 83 14 244 190
135 94 227 223 230 50 174 242 92 138 91 246 224 104 181 233 127 232 22 171 229 246 44 238 36 46 254 128 149 249 113 165
84 156 21 177 176 175 33 178 172 177 10 84 215 51 1 75 129 116 104 56 49 216 81 30 205 166 123 84 184 97 1 40
220 65 62 230 134 66 86 100 164 142 151 35 87 63 35 107 232 213 109 227 108 183 129 0 243 227 238 149 33 123 189 2
156 62 31 183 50 235 19 176 52 109 159 185 255 87 136 17 182 117 205 114 56 217 9 63 250 231 32 211 164 131 7 115
246 82 234 188 106 16 152 72 138 22 177 167 69 206 111 75 254 57 231 163 134 71 142 209 144 225 235 191 21 32 47 215
11 185 209 71 83 159 170 184 127 225 107 70 233 119 20 164 55 126 242 216 131 184 61 255 45 94 5 102 111 134 67 188
